3.38791 2 18.152 -1.395 0.564999
47
46
-29.9249
18.9076
-13.4017
0.80874
0.585009
0.479873
126.105
23.7577
26.6852
19.7963
0.174108
0.858943
0.710501
184.873
-11.7603
2.44954
-19.5158
0.364452
0.147313
0.165899
355.869
-14.0272
10.9184
25.4086
0.0237434
0.375866
0.0926237
243.794
-26.6271
2.26368
30.1274
0.275887
0.272896
0.587909
248.826
20.2567
23.7948
4.09635
0.205359
0.743736
0.468459
164.866
26.9494
24.3331
-18.5032
0.599048
0.385235
0.735008
219.228
29.3994
24.5465
-4.26633
0.168981
0.657308
0.491897
22.8742
11.9855
17.1442
-16.1502
0.949583
0.141575
0.905118
249.441
-11.8171
14.7967
-20.7775
0.966613
0.683187
0.153233
315.812
-15.027
18.2722
34.0899
0.0538041
0.0814234
0.524674
153.648
-24.3199
9.76391
28.4922
0.232765
0.14655
0.125095
335.39
-25.1933
3.4127
-21.4769
0.336406
0.914701
0.398602
155.802
26.7699
27.1155
7.05359
0.842097
0.693533
0.397687
93.2987
-29.74
17.7677
32.2881
0.398694
0.241096
0.585559
91.8485
11.0407
30.3584
1.12995
0.890225
0.00717185
0.940977
216.558
17.1694
19.3003
-16.4542
0.222327
0.383007
0.00427259
150.451
-25.0652
21.798
26.3059
0.0648518
0.81106
0.662069
248.936
18.1619
17.9041
16.1377
0.142766
0.689505
0.727897
279.984
-28.1359
28.0604
13.6712
0.706565
0.0854518
0.551988
341.246
-26.4733
10.2492
-16.2894
0.98178
0.619983
0.292245
332.094
-7.94794
22.8362
-11.8819
0.155919
0.240547
0.521439
324.821
-23.6149
29.0794
1.50349
0.0801111
0.782098
0.171789
350.782
16.5523
28.1116
-12.3617
0.456618
0.00375378
0.750633
41.0572
-5.71764
11.3341
34.5569
0.0385754
0.252083
0.189276
89.1678
-20.7895
20.6096
28.1223
0.939085
0.195654
0.779656
232.401
9.4055
29.2744
2.32749
0.921293
0.664174
0.150761
229.083
4.17219
14.6612
31.5813
0.540574
0.57857
0.536454
91.9034
-6.18274
12.5078
-22.8027
0.795251
0.196509
0.0702841
140.19
5.44481
4.12775
-13.1399
0.155889
0.644337
0.454329
217.547
11.8409
15.2389
16.0681
0.396527
0.835719
0.592212
71.8528
26.9677
28.2801
-1.4977
0.987457
0.185308
0.895718
206.802
-3.47636
20.8202
17.5111
0.0496231
0.285562
0.260201
146.749
23.7193
23.3059
18.7068
0.896054
0.393567
0.397412
325.392
-11.4838
13.6431
9.23444
0.353557
0.733696
0.745354
265.097
14.366
6.17951
-12.9897
0.272591
0.680441
0.91113
132.422
1.0593
5.28135
29.4462
0.20307
0.51796
0.654836
157.867
11.2586
4.71279
-20.2263
0.0757775
0.0278024
0.355083
110.603
11.8372
6.28022
-1.30909
0.0678426
0.675741
0.724937
71.5342
11.6413
20.4713
14.2938
0.543992
0.0983001
0.545366
17.8643
28.4747
15.921
33.1982
0.727866
0.530961
0.679922
249.408
-7.67327
13.6587
-22.0025
0.809778
0.169561
0.0608234
111.8
17.4364
8.3741
-5.34687
0.484664
0.00915555
0.439863
182.829
8.80082
24.7561
3.79156
0.349803
0.842647
0.94232
224.392
32.2781
3.60405
18.4765
0.863552
0.386761
0.306406
102.319
-25.0099
20.377
11.6232
0.0186163
0.0310373
0.455702
308.857
9
76.6649
195.127
-327.525
0.19552
0.492535
-0.848046
76.2254
194.019
-325.619
0.19552
0.492535
-0.848046
-33.4199
12.3197
8.04995
-0.958043
0.276355
-0.0760416
-31.2309
11.6694
9.05953
-0.958043
0.276355
-0.0760416
-26.5249
14.5163
13.7765
-0.916686
0.398609
0.0282375
-23.0088
14.6479
17.0896
-0.888972
0.443948
0.112421
-19.0575
13.8421
19.0889
-0.864825
0.475031
0.162554
-13.7585
13.2301
20.8371
-0.809247
0.548023
0.211636
-9.90942
11.8049
22.1766
-0.771156
0.576958
0.269142
